graph: 86 nodes, 96 edges
alpha* (static ML) = 0.35

=== static sweep ===
 alpha  fail_targeted_load  gcc_targeted_load  fail_targeted_degree  gcc_targeted_degree  fail_random_mean  fail_random_std  gcc_random_mean  gcc_random_std
 0.000            1.000000           0.000000              1.000000             0.000000          0.925271         0.250740         0.074341        0.250828
 0.025            1.000000           0.000000              1.000000             0.000000          0.866047         0.330338         0.133566        0.330475
 0.050            1.000000           0.000000              1.000000             0.000000          0.872519         0.322973         0.126783        0.323210
 0.075            1.000000           0.000000              1.000000             0.000000          0.791318         0.398000         0.208140        0.398260
 0.100            1.000000           0.000000              1.000000             0.000000          0.846473         0.350770         0.152791        0.351055
 0.125            1.000000           0.000000              1.000000             0.000000          0.810310         0.382672         0.189302        0.382846
 0.150            1.000000           0.000000              1.000000             0.000000          0.761783         0.417745         0.237016        0.416954
 0.175            1.000000           0.000000              1.000000             0.000000          0.797829         0.393145         0.201512        0.392698
 0.200            1.000000           0.000000              1.000000             0.000000          0.774690         0.409229         0.224574        0.408875
 0.225            1.000000           0.000000              1.000000             0.000000          0.703411         0.448157         0.295543        0.447484
 0.250            1.000000           0.000000              1.000000             0.000000          0.659264         0.463011         0.338915        0.461175
 0.275            1.000000           0.000000              1.000000             0.000000          0.648256         0.467086         0.348140        0.463640
 0.300            1.000000           0.000000              1.000000             0.000000          0.658643         0.464318         0.336279        0.458505
 0.325            1.000000           0.000000              1.000000             0.000000          0.635891         0.471052         0.359496        0.466134
 0.350            0.011628           0.988372              0.011628             0.988372          0.595659         0.481174         0.399961        0.476871
 0.375            0.011628           0.988372              0.011628             0.988372          0.618760         0.476154         0.378023        0.473521
 0.400            0.011628           0.988372              0.011628             0.988372          0.596977         0.479408         0.396744        0.472898
 0.425            0.011628           0.988372              0.011628             0.988372          0.597558         0.479656         0.397829        0.475556
 0.450            0.011628           0.988372              0.011628             0.988372          0.536395         0.489759         0.452442        0.479674
 0.475            0.011628           0.988372              0.011628             0.988372          0.533798         0.489414         0.457171        0.481472
 0.500            0.011628           0.988372              0.011628             0.988372          0.463682         0.488449         0.523760        0.479315
 0.525            0.011628           0.988372              0.011628             0.988372          0.037752         0.157831         0.932674        0.158364
 0.550            0.011628           0.988372              0.011628             0.988372          0.011628         0.000000         0.954070        0.041819
 0.575            0.011628           0.988372              0.011628             0.988372          0.011628         0.000000         0.959031        0.039380
 0.600            0.011628           0.988372              0.011628             0.988372          0.011628         0.000000         0.952791        0.047361

=== dynamic sweep ===
 alpha  fail_targeted_load  gcc_targeted_load  fail_targeted_degree  gcc_targeted_degree  fail_random_mean  fail_random_std  gcc_random_mean  gcc_random_std
 0.000            0.174419           0.232558              0.174419             0.232558          0.054574         0.068719         0.791667        0.242968
 0.025            0.162791           0.232558              0.162791             0.232558          0.052364         0.067752         0.813140        0.228682
 0.050            0.162791           0.232558              0.162791             0.232558          0.048760         0.068334         0.824380        0.230938
 0.075            0.162791           0.232558              0.162791             0.232558          0.053023         0.066466         0.819535        0.221094
 0.100            0.162791           0.232558              0.162791             0.232558          0.051977         0.063479         0.828023        0.196602
 0.125            0.162791           0.313953              0.162791             0.313953          0.048798         0.062081         0.835078        0.201270
 0.150            0.162791           0.313953              0.162791             0.313953          0.046977         0.057990         0.848643        0.188366
 0.175            0.162791           0.313953              0.162791             0.313953          0.040891         0.053501         0.863566        0.174724
 0.200            0.162791           0.313953              0.162791             0.313953          0.040465         0.055453         0.867674        0.167591
 0.225            0.162791           0.313953              0.162791             0.313953          0.031628         0.045614         0.899109        0.135080
 0.250            0.162791           0.313953              0.162791             0.313953          0.042287         0.057459         0.875659        0.163842
 0.275            0.162791           0.313953              0.162791             0.313953          0.037752         0.055505         0.887907        0.146526
 0.300            0.162791           0.313953              0.162791             0.313953          0.034186         0.050216         0.893411        0.136117
 0.325            0.162791           0.313953              0.162791             0.313953          0.036124         0.051130         0.889380        0.137332
 0.350            0.162791           0.313953              0.162791             0.313953          0.043605         0.058403         0.872674        0.159993
 0.375            0.162791           0.313953              0.162791             0.313953          0.033488         0.049432         0.902016        0.136110
 0.400            0.162791           0.313953              0.162791             0.313953          0.037829         0.053609         0.883062        0.151061
 0.425            0.162791           0.313953              0.162791             0.313953          0.033682         0.049868         0.893566        0.138108
 0.450            0.162791           0.313953              0.162791             0.313953          0.034186         0.050787         0.891705        0.141868
 0.475            0.162791           0.313953              0.162791             0.313953          0.033527         0.049401         0.898411        0.129086
 0.500            0.162791           0.313953              0.162791             0.313953          0.030814         0.045889         0.894690        0.139754
 0.525            0.162791           0.313953              0.162791             0.313953          0.033217         0.042644         0.892519        0.135256
 0.550            0.162791           0.313953              0.162791             0.313953          0.028450         0.038297         0.907946        0.110322
 0.575            0.162791           0.313953              0.162791             0.313953          0.031512         0.040279         0.903488        0.114928
 0.600            0.162791           0.313953              0.162791             0.313953          0.030698         0.039791         0.898411        0.122883

=== redistribution/load sensitivity ===
 dynamic     rule              load_mode  alpha  failed  gcc  gcc_fraction
    True capacity            betweenness    0.2      14   27      0.313953
    True capacity betweenness_plus_trips    0.2      14   27      0.313953
    True    equal            betweenness    0.2      14   27      0.313953
    True    equal betweenness_plus_trips    0.2      14   27      0.313953
   False capacity            betweenness    0.2      86    0      0.000000
   False capacity betweenness_plus_trips    0.2      86    0      0.000000
   False    equal            betweenness    0.2      86    0      0.000000
   False    equal betweenness_plus_trips    0.2      86    0      0.000000

=== avalanche stats ===
 alpha    mean  max  p_no_cascade    n  largest_avalanche
  0.10 71.7435   86        0.1625 2000                 86
  0.15 68.5295   86        0.2005 2000                 86
  0.20 68.1745   86        0.2050 2000                 86
  0.30 56.8415   86        0.3090 2000                 86

=== line closures ===
                  line  n_stations  n_exclusive  gcc_frac_after  frac_stations_lost  rail_trips_at_lost_stations
          Airport Line          21            3        0.965116            0.034884                         3402
         Armadale Line          20            9        0.895349            0.104651                         6786
        Fremantle Line          19            7        0.918605            0.081395                         9625
          Yanchep Line          18           14        0.837209            0.162791                         9488
Thornlie-Cockburn Line          15            3        0.965116            0.034884                         2073
          Midland Line          15            7        0.918605            0.081395                         3444
       Ellenbrook Line          13            5        0.941860            0.058140                         4225
         Mandurah Line          13           10        0.883721            0.116279                         6137
